15.2717        	1.0228
20.7449        	1.3264
26.3718        	2.4239
27.7375        	7.8838
39.8956        	1.9956
44.0106        	1.1032
53.5297        	2.4356
66.2777        	3.682
71.5105        	2.3006
74.729         	4.0016
83.056         	11.0831
99.843         	0.4509
108.3318       	3.0961
132.4639       	10.6793
135.9803       	10.6253
146.4497       	5.1562
149.1667       	3.1563
154.0094       	1.6654
181.2759       	1.1237
191.0403       	1.9822
213.4089       	8.0651
237.3491       	1.2761
241.4212       	15.4563
264.626        	10.325
265.8668       	4.2409
280.0385       	24.7113
292.4315       	13.9643
309.6689       	7.2202
334.8804       	2.3668
357.0102       	7.9826
370.0124       	1.4487
390.1005       	16.828
405.2681       	51.4958
415.8687       	15.3576
430.1419       	18.3206
430.8728       	1.9246
437.1609       	5.1106
453.7954       	29.033
489.5291       	33.5875
497.2172       	21.2546
511.3835       	1.042
526.9968       	9.6897
532.7649       	4.9706
557.3892       	9.6706
568.0374       	8.5537
603.8005       	21.8803
613.5615       	29.0327
615.4483       	11.333
646.781        	41.8394
656.4211       	2.5873
671.5107       	9.868
697.5478       	100.4588
729.6483       	1.5147
733.035        	288.4528
736.9253       	5.854
755.3433       	45.4313
759.5721       	70.3939
792.9096       	0.8561
799.72         	58.3107
808.7249       	2.2104
818.603        	2.645
827.7216       	1.3346
836.9473       	51.284
872.8109       	17.4999
874.8184       	9.4993
886.2129       	31.7796
901.1707       	45.4612
924.4649       	9.572
951.4531       	4.1949
952.9276       	319.1394
957.8915       	0.4219
963.1459       	2.4593
967.0411       	36.3255
978.3699       	10.2804
994.6624       	32.1737
998.6515       	15.8248
1021.2134      	25.0202
1021.586       	424.2008
1049.0022      	193.6191
1088.3853      	2.4575
1125.1657      	2983.8852
1130.7563      	26.2995
1145.4584      	2.8143
1149.1695      	334.8128
1160.727       	346.0742
1163.2303      	20.7633
1189.9136      	1796.3522
1201.7661      	1385.5709
1210.7854      	2491.0723
1224.1259      	1387.9039
1232.9541      	553.9684
1254.6189      	2317.8202
1272.383       	388.6056
1278.3034      	33.8106
1301.0956      	12.456
1309.6033      	781.0503
1315.5901      	2137.684
1337.7293      	202.9899
1343.6703      	289.4297
1346.0061      	43.4209
1360.579       	1588.8499
1374.4317      	22.598
1376.2373      	2040.2506
1388.3194      	432.2971
1389.8815      	980.7685
1394.3365      	336.3354
1406.5579      	834.0428
1427.6052      	42.6424
1438.0417      	3.4132
1462.7609      	2029.3507
1471.2411      	2526.6222
1483.8746      	132.2985
1506.5233      	33.7401
1507.5009      	6.8621
1513.8104      	191.2522
1516.0987      	80.5603
1517.0549      	67.9232
1521.6808      	2349.607
1524.402       	140.6328
1531.3917      	11.5288
1534.99        	18.8609
1551.1592      	465.2576
1565.3157      	6691.6378
1570.0647      	376.9853
1592.2416      	1277.4957
1598.6035      	459.0992
1640.0129      	1817.98
1648.8011      	24662.9344
1662.5724      	2368.8762
1690.4266      	10165.9599
1717.3879      	206.2724
2325.5862      	993.1406
2337.5501      	2988.4216
2995.5244      	193.336
3002.8807      	285.5091
3041.1228      	184.2185
3049.4055      	63.2562
3069.2404      	138.5481
3071.741       	101.6873
3082.1972      	78.1648
3093.6148      	82.5412
3107.7581      	19.2879
3116.5286      	119.9501
3141.8682      	4.4722
3148.0108      	38.6893
3151.5292      	40.0908
3153.979       	296.1589
3168.3626      	24.4477
3171.0676      	105.1206
3195.1347      	29.3544
3206.4874      	49.8631
3210.576       	29.8018
3226.1519      	126.0456
3226.331       	41.2121
3228.627       	95.4122
3232.8499      	147.3698
